121 0 0 255
162 82 12 255
171 160 0 255
0 88 38 255
0 33 87 255
84 9 97 255
158 0 93 255
DIV:Bold (Opaque)

121 0 0 176
162 82 12 176
171 160 0 176
0 88 38 176
0 33 87 176
84 9 97 176
158 0 93 176
DIV:Bold (Trans)

237 28 36 255
245 125 32 255
255 242 0 255
0 166 81 255
0 84 166 255
124 42 144 255
236 0 140 255
DIV:Standard (Opaque)

237 28 36 176
245 125 32 176
255 242 0 176
0 166 81 176
0 84 166 176
124 42 144 176
236 0 140 176
DIV:Standard (Trans)

242 108 79 255
249 159 90 255
255 245 104 255
60 184 120 255
68 140 203 255
151 98 168 255
240 110 170 255
DIV:Soft (Opaque)

242 108 79 176
249 159 90 176
255 245 104 176
60 184 120 176
68 140 203 176
151 98 168 176
240 110 170 176
DIV:Soft (Trans)

208 208 208 255
161 161 161 255
114 114 114 255
67 67 67 255
201 123 82 255
166 101 61 255
131 79 40 255
96 57 19 255
DIV: Grayscale / Sepia (Opaque)

208 208 208 176
161 161 161 176
114 114 114 176
67 67 67 176
201 123 82 176
166 101 61 176
131 79 40 176
96 57 19 176
DIV: Grayscale / Sepia (Trans)

255 255 255 255
20 20 20 255
255 255 255 176
20 20 20 176
255 255 255 32
DIV: Black / White / Clear
